E_var = [4.23801, 5.22848, 6.49897, 7.82816, 17.5939, 17.7088, 8.10541, 7.11735, 6.20952, 5.54558, 5.05452, ];
Mean_E = [-1.6622, -1.61006, -1.5479, -1.47603, -2.78917, -2.62446, -1.23683, -1.172, -1.1178, -1.07204, -1.03195, ];
M_var = [2.01985, 3.59103, 6.77678, 11.4872, 34.3496, 41.8051, 21.2072, 19.1352, 16.1908, 13.5146, 11.238, ];
Mean_M = [0.868716, 0.836173, 0.789257, 0.725253, 1.27886, 1.08766, 0.453595, 0.378086, 0.320281, 0.276888, 0.244025, ];
Temperature = [2.1, 2.15, 2.2, 2.25, 2.3, 2.35, 2.4, 2.45, 2.5, 2.55, 2.6, ];
